    (43200 279.89703678)
    (43800 280.180197014)
    (44400 279.893051587)
    (45000 280.029885387)
    (45600 279.328485345)
    (46200 279.313025373)
    (46800 279.799378481)
    (47400 279.563731006)
    (48000 279.963263886)
    (48600 281.338658177)
    (49200 281.501540232)
    (49800 282.330332455)
    (50400 283.353263316)
    (51000 284.400264148)
    (51600 285.798808253)
    (52200 287.439529449)
    (52800 287.549726068)
    (53400 288.638240733)
    (54000 289.780417121)
    (54600 290.292284766)
    (55200 291.056601006)
    (55800 291.734456365)
    (56400 292.19676065)
    (57000 292.605047918)
    (57600 293.407967075)
    (58200 294.440979479)
    (58800 295.046581441)
    (59400 295.633830206)
    (60000 295.646004034)
    (60600 296.357215727)
    (61200 296.42321662)
    (61800 296.828861242)
    (62400 297.128234808)
    (63000 297.277629842)
    (63600 297.983601513)
    (64200 297.618249648)
    (64800 297.488331073)
    (65400 297.552387149)
    (66000 297.577656814)
    (66600 297.265603842)
    (67200 298.017232952)
    (67800 298.285237777)
    (68400 298.597510434)
    (69000 298.987181257)
    (69600 298.92556208)
    (70200 299.101959351)
    (70800 299.355446054)
    (71400 299.917707956)
    (72000 299.574875113)
    (72600 299.509095596)
    (73200 299.178385162)
    (73800 299.735552992)
    (74400 300.039039871)
    (75000 299.034110383)
    (75600 300.024086862)
    (76200 299.15197279)
    (76800 298.930798661)
    (77400 298.769692634)
    (78000 298.487558747)
    (78600 297.938340033)
    (79200 297.629500801)
    (79800 297.431764388)
    (80400 297.31596921)
    (81000 297.144903915)
    (81600 296.62014573)
    (82200 296.696476005)
    (82800 296.507250284)
    (83400 295.949761049)
    (84000 295.252940277)
    (84600 294.479248711)
    (85200 293.913017209)
    (85800 293.279336961)
    (86400 292.863343937)
    (87000 292.499886921)
    (87600 292.171374218)
    (88200 291.955559203)
    (88800 291.702296326)
    (89400 291.481980353)
    (90000 291.307546874)
    (90600 291.043391424)
    (91200 290.807345079)
    (91800 290.585221288)
    (92400 290.359787459)
    (93000 290.166554195)
    (93600 290.01074639)
    (94200 289.722561805)
    (94800 289.54507146)
    (95400 289.390039282)
    (96000 289.296597774)
    (96600 289.033418798)
    (97200 288.973306008)
    (97800 288.827928123)
    (98400 288.759510275)
    (99000 288.629327335)
    (99600 288.473097123)
    (100200 288.342527516)
    (100800 288.22050125)
    (101400 287.964725802)
    (102000 287.866583181)
    (102600 287.772806114)
    (103200 287.556962807)
    (103800 287.553904905)
    (104400 287.213045489)
    (105000 287.172663379)
    (105600 287.075401875)
    (106200 286.957075381)
    (106800 286.940779631)
    (107400 286.863853748)
    (108000 286.838911915)
    (108600 286.780568738)
    (109200 286.928033447)
    (109800 287.229809889)
    (110400 287.592719353)
    (111000 287.887577879)
    (111600 287.983966463)
    (112200 287.953175476)
    (112800 287.939148828)
    (113400 287.978237463)
    (114000 288.030586963)
    (114600 288.198990794)
    (115200 288.295918288)
    (115800 288.358913132)
    (116400 288.370267666)
    (117000 288.405437966)
    (117600 288.361977893)
    (118200 288.471913893)
    (118800 288.466899843)
    (119400 288.490489469)
    (120000 288.54926117)
    (120600 288.503871864)
    (121200 288.362414357)
    (121800 288.393147337)
    (122400 288.396741641)
    (123000 288.190858271)
    (123600 288.115238184)
    (124200 288.096061248)
    (124800 287.997052589)
    (125400 287.943911723)
    (126000 287.957112795)
    (126600 287.895571009)
    (127200 287.948513737)
    (127800 287.937257521)
    (128400 287.844193331)
    (129000 287.915593607)
    (129600 287.92092183)
