    (0 0 0 273.927099199)
    (5 2.06234968517 2.81316496353 283.252769011)
    (10 2.83713841467 3.8069027932 283.776447831)
    (15 3.27790286934 4.35176394692 284.118193687)
    (20 3.67574149369 4.83959155093 284.459997073)
    (25 4.13738316835 5.40851970204 284.845801487)
    (30 4.45208830469 5.79841985434 285.205643334)
    (35 4.82547317788 6.27298319837 285.584069468)
    (40 5.19523374415 6.7575650557 285.972019294)
    (45 5.4435346951 7.10258071436 286.363210839)
    (50 5.69414092193 7.48517683252 286.745156198)
    (55 5.95556575972 7.90441642431 287.118445407)
    (60 6.08639221678 8.14084856558 287.496246947)
    (65 6.28322212854 8.54744506736 287.794012484)
    (70 6.44572225568 8.9253337351 288.075076887)
    (75 6.57969734808 9.28128962859 288.340555367)
    (80 6.68853413873 9.63214718614 288.578913436)
    (85 6.75109742553 9.86233142584 288.815058988)
    (90 6.79540942462 10.0582872219 289.041587347)
    (95 6.85481624285 10.3924374732 289.204145555)
    (100 6.89461661464 10.6404772791 289.371065997)
    (105 6.91209318061 10.7904921672 289.54293319)
    (110 6.93401695465 11.0291210027 289.674454147)
    (115 6.95756042653 11.3000082277 289.791286579)
    (120 6.97162327873 11.5235267499 289.908520537)
    (125 6.98473041337 11.7422830476 290.025789007)
    (130 6.99123460748 11.9182702912 290.127519841)
    (135 6.99773872493 12.0942570382 290.229250495)
    (140 7.00342105245 12.2901932828 290.313157738)
    (145 7.00910293632 12.4862241482 290.396956943)
    (150 7.01454582398 12.6615021143 290.4740583)
    (155 7.01995853488 12.8340239119 290.550268717)
    (160 7.02610590279 12.9964811104 290.620182511)
    (165 7.03261257785 13.1540533709 290.687038639)
    (170 7.04013253346 13.3064377422 290.75178349)
    (175 7.04948589036 13.4495327488 290.812747488)
    (180 7.05883924726 13.5926277555 290.873711486)
    (185 7.0735442761 13.7278276839 290.933188823)
    (190 7.08870537475 13.8623635498 290.992539546)
    (195 7.10606638468 13.9865982617 291.052272463)
    (200 7.12724905831 14.0929390446 291.112669012)
    (205 7.14843173195 14.1992798275 291.173065562)
    (210 7.1745134931 14.2899450577 291.233987395)
    (215 7.20281774401 14.3735281945 291.295147346)
    (220 7.23112199492 14.4571113314 291.356307297)
    (225 7.26482455697 14.5190585344 291.41708937)
    (230 7.29925772547 14.5781198888 291.47782201)
    (235 7.33369089396 14.6371812431 291.53855465)
    (240 7.36572379584 14.670924066 291.597671035)
    (245 7.39757990673 14.7028020592 291.656668377)
    (250 7.42943601762 14.7346800525 291.715665718)
    (255 7.453446 14.7521271324 291.774935189)
    (260 7.475940773 14.7667846425 291.834257765)
    (265 7.498435546 14.7814421526 291.893580342)
    (270 7.51843662689 14.7933127222 291.953779503)
    (275 7.53676279497 14.8033114157 292.014567429)
    (280 7.55508896305 14.8133101093 292.075355356)
    (285 7.57316409772 14.8230695708 292.136381054)
    (290 7.5902452196 14.8318764239 292.198344414)
    (295 7.60732634148 14.840683277 292.260307774)
    (300 7.62440746336 14.8494901301 292.322271133)
    (305 7.6404908266 14.8578610324 292.385279022)
    (310 7.65597629128 14.8659706947 292.448912836)
    (315 7.67146175596 14.874080357 292.512546649)
    (320 7.68694722064 14.8821900194 292.576180463)
    (325 7.70227095042 14.890527859 292.640235211)
    (330 7.71757208218 14.8989031743 292.704341169)
    (335 7.73287321395 14.9072784897 292.768447127)
    (340 7.74817434571 14.915653805 292.832553085)
    (345 7.76505246046 14.9251233772 292.897057628)
    (350 7.78199059851 14.934634599 292.961577342)
    (355 7.79892873656 14.9441458209 293.026097056)
    (360 7.81586687461 14.9536570428 293.090616769)
    (365 7.83673065664 14.96674415 293.15467012)
    (370 7.85831048065 14.980502739 293.218634058)
    (375 7.87989030466 14.994261328 293.282597997)
    (380 7.90147012867 15.0080199171 293.346561935)
    (385 7.92613926356 15.0236637496 293.409405822)
    (390 7.95352904637 15.0409716625 293.471263788)
    (395 7.98091882917 15.0582795755 293.533121754)
    (400 8.00830861198 15.0755874885 293.594979721)
    (405 8.03574624669 15.0928954123 293.65680488)
    (410 8.06723795119 15.1118456071 293.715415105)
    (415 8.09872965568 15.1307958019 293.774025331)
    (420 8.13022136017 15.1497459967 293.832635556)
    (425 8.16171306466 15.1686961915 293.891245781)
    (430 8.19343365404 15.1869931834 293.948605095)
    (435 8.22578934703 15.2034635057 294.002471284)
    (440 8.25814504001 15.2199338281 294.056337474)
    (445 8.290500733 15.2364041504 294.110203663)
    (450 8.32285642599 15.2528744728 294.164069852)
    (455 8.35455419896 15.2678035206 294.216543335)
    (460 8.38464445615 15.2790384844 294.265626865)
    (465 8.41473471334 15.2902734482 294.314710395)
    (470 8.44482497052 15.301508412 294.363793925)
    (475 8.47491522771 15.3127433758 294.412877455)
    (480 8.5050054849 15.3239783396 294.461960985)
    (485 8.53207027233 15.3286430954 294.507926775)
    (490 8.55899406833 15.3330109946 294.553745205)
    (495 8.58591786434 15.3373788937 294.599563635)
    (500 8.61284166034 15.3417467928 294.645382066)
    (505 8.63976545634 15.346114692 294.691200496)
    (510 8.66629646369 15.3496365792 294.736705219)
    (515 8.68909150265 15.3451120867 294.779224211)
    (520 8.71188654161 15.3405875941 294.821743202)
    (525 8.73468158057 15.3360631016 294.864262194)
    (530 8.75747661953 15.3315386091 294.906781186)
    (535 8.7802716585 15.3270141165 294.949300177)
    (540 8.80306669746 15.322489624 294.991819169)
    (545 8.82280475299 15.3106926055 295.032983296)
    (550 8.840989444 15.2952189938 295.073454342)
    (555 8.85917413501 15.2797453821 295.113925388)
    (560 8.87735882602 15.2642717704 295.154396433)
    (565 8.89554351703 15.2487981586 295.194867479)
    (570 8.91372820804 15.2333245469 295.235338525)
    (575 8.93191289905 15.2178509352 295.275809571)
    (580 8.94737697192 15.1940098151 295.315638173)
    (585 8.96103804162 15.1646786044 295.35502754)
    (590 8.97469911132 15.1353473937 295.394416906)
    (595 8.98836018103 15.1060161829 295.433806273)
    (600 9.00202125073 15.0766849722 295.473195639)
    (605 9.01568232043 15.0473537614 295.512585005)
    (610 9.02934339014 15.0180225507 295.551974372)
    (615 9.04300445984 14.98869134 295.591363738)
    (620 9.05379467921 14.9453374735 295.630345363)
    (625 9.06408473223 14.8995414957 295.669256162)
    (630 9.07437478525 14.8537455179 295.708166961)
    (635 9.08466483826 14.8079495401 295.747077761)
    (640 9.09495489128 14.7621535623 295.78598856)
    (645 9.1052449443 14.7163575845 295.824899359)
    (650 9.11553499731 14.6705616066 295.863810159)
    (655 9.12582505033 14.6247656288 295.902720958)
    (660 9.13525018324 14.5727337664 295.942497195)
    (665 9.1431014509 14.5094936232 295.983764298)
    (670 9.15095271855 14.44625348 296.025031402)
    (675 9.1588039862 14.3830133368 296.066298505)
    (680 9.16665525386 14.3197731936 296.107565609)
    (685 9.17450652151 14.2565330504 296.148832712)
    (690 9.18235778916 14.1932929072 296.190099816)
    (695 9.19020905682 14.130052764 296.23136692)
    (700 9.19806032447 14.0668126208 296.272634023)
    (705 9.20574447043 14.0031567944 296.314147483)
    (710 9.20809279181 13.9252360854 296.363135571)
    (715 9.2104411132 13.8473153764 296.41212366)
    (720 9.21278943458 13.7693946674 296.461111748)
    (725 9.21513775596 13.6914739584 296.510099837)
    (730 9.21748607735 13.6135532494 296.559087925)
    (735 9.21983439873 13.5356325404 296.608076014)
    (740 9.22218272012 13.4577118314 296.657064102)
    (745 9.2245310415 13.3797911225 296.706052191)
    (750 9.22687936288 13.3018704135 296.755040279)
    (755 9.22922768427 13.2239497045 296.804028368)
    (760 9.22174917827 13.1404313162 296.863019036)
    (765 9.21176141325 13.0554751392 296.924553391)
    (770 9.20177364824 12.9705189621 296.986087747)
    (775 9.19178588322 12.885562785 297.047622102)
    (780 9.18179811821 12.800606608 297.109156458)
    (785 9.17181035319 12.7156504309 297.170690813)
    (790 9.16182258818 12.6306942539 297.232225169)
    (795 9.15183482316 12.5457380768 297.293759524)
    (800 9.14184705815 12.4607818998 297.35529388)
    (805 9.13185929313 12.3758257227 297.416828235)
    (810 9.12187152812 12.2908695457 297.478362591)
    (815 9.10487686701 12.2063527074 297.545132839)
    (820 9.08249802252 12.1221789215 297.615919996)
    (825 9.06011917804 12.0380051356 297.686707154)
    (830 9.03774033355 11.9538313497 297.757494312)
    (835 9.01536148907 11.8696575638 297.82828147)
    (840 8.99298264458 11.7854837779 297.899068627)
    (845 8.9706038001 11.701309992 297.969855785)
    (850 8.94822495561 11.6171362061 298.040642943)
    (855 8.92584611112 11.5329624202 298.111430101)
    (860 8.90346726664 11.4487886343 298.182217258)
    (865 8.88108842215 11.3646148484 298.253004416)
    (870 8.85870957767 11.2804410625 298.323791574)
    (875 8.83686445174 11.197169483 298.39388232)
    (880 8.81657924689 11.1169448065 298.461837513)
    (885 8.79629404205 11.0367201301 298.529792706)
    (890 8.77600883721 10.9564954536 298.597747899)
    (895 8.75572363237 10.8762707771 298.665703091)
    (900 8.73543842753 10.7960461007 298.733658284)
    (905 8.71515322269 10.7158214242 298.801613477)
    (910 8.69486801785 10.6355967478 298.86956867)
    (915 8.67458281301 10.5553720713 298.937523862)
    (920 8.65429760817 10.4751473948 299.005479055)
    (925 8.63401240332 10.3949227184 299.073434248)
    (930 8.61372719848 10.3146980419 299.141389441)
    (935 8.59344199364 10.2344733655 299.209344633)
    (940 8.5731567888 10.154248689 299.277299826)
    (945 8.56421887355 10.0801223082 299.336611884)
    (950 8.55953292366 10.0083071474 299.392700373)
    (955 8.55484697378 9.93649198655 299.448788862)
    (960 8.5501610239 9.86467682571 299.504877351)
    (965 8.54547507401 9.79286166486 299.56096584)
    (970 8.54078912413 9.72104650402 299.617054329)
    (975 8.53610317425 9.64923134317 299.673142818)
    (980 8.53141722437 9.57741618233 299.729231307)
    (985 8.52673127448 9.50560102148 299.785319797)
    (990 8.5220453246 9.43378586064 299.841408286)
    (995 8.51735937472 9.36197069979 299.897496775)
    (1000 8.51267342483 9.29015553894 299.953585264)
    (1005 8.50798747495 9.2183403781 300.009673753)
    (1010 8.50330152507 9.14652521725 300.065762242)
    (1015 8.49861557519 9.07471005641 300.121850731)
    (1020 8.50366190629 9.0175753909 300.165848571)
    (1025 8.50967081701 8.96188061573 300.208662537)
    (1030 8.51567972772 8.90618584056 300.251476503)
    (1035 8.52168863843 8.85049106539 300.294290469)
    (1040 8.52769754915 8.79479629022 300.337104435)
    (1045 8.53370645986 8.73910151505 300.3799184)
    (1050 8.53971537057 8.68340673988 300.422732366)
    (1055 8.54572428129 8.62771196471 300.465546332)
    (1060 8.551733192 8.57201718954 300.508360298)
    (1065 8.55774210271 8.51632241436 300.551174264)
    (1070 8.56375101343 8.46062763919 300.59398823)
    (1075 8.56975992414 8.40493286402 300.636802196)
    (1080 8.57576883485 8.34923808885 300.679616162)
    (1085 8.58177774556 8.29354331368 300.722430128)
    (1090 8.58778665628 8.23784853851 300.765244094)
    (1095 8.59379556699 8.18215376334 300.80805806)
    (1100 8.59781726017 8.14097074076 300.842834691)
    (1105 8.6009472577 8.10677992009 300.873731003)
    (1110 8.60407725523 8.07258909941 300.904627315)
    (1115 8.60720725276 8.03839827874 300.935523627)
    (1120 8.61033725029 8.00420745806 300.966419939)
    (1125 8.61346724782 7.97001663738 300.997316252)
    (1130 8.61659724535 7.93582581671 301.028212564)
    (1135 8.61972724288 7.90163499603 301.059108876)
    (1140 8.62285724041 7.86744417536 301.090005188)
    (1145 8.62598723793 7.83325335468 301.1209015)
    (1150 8.62911723546 7.79906253401 301.151797813)
    (1155 8.63224723299 7.76487171333 301.182694125)
    (1160 8.63537723052 7.73068089265 301.213590437)
    (1165 8.63850722805 7.69649007198 301.244486749)
    (1170 8.64163722558 7.6622992513 301.275383061)
    (1175 8.64476722311 7.62810843063 301.306279374)
    (1180 8.64789722064 7.59391760995 301.337175686)
    (1185 8.65102721817 7.55972678928 301.368071998)
    (1190 8.65029574667 7.54548738575 301.392846588)
    (1195 8.64906244018 7.53383519351 301.416824443)
    (1200 8.6478291337 7.52218300127 301.440802298)
    (1205 8.64659582721 7.51053080904 301.464780152)
    (1210 8.64536252072 7.4988786168 301.488758007)
    (1215 8.64412921423 7.48722642456 301.512735862)
    (1220 8.64289590775 7.47557423233 301.536713716)
    (1225 8.64166260126 7.46392204009 301.560691571)
    (1230 8.64042929477 7.45226984786 301.584669426)
    (1235 8.63919598828 7.44061765562 301.608647281)
    (1240 8.6379626818 7.42896546338 301.632625135)
    (1245 8.63672937531 7.41731327115 301.65660299)
    (1250 8.63549606882 7.40566107891 301.680580845)
    (1255 8.63426276234 7.39400888667 301.704558699)
    (1260 8.63302945585 7.38235669444 301.728536554)
    (1265 8.63179614936 7.3707045022 301.752514409)
    (1270 8.63056284287 7.35905230996 301.776492264)
    (1275 8.62932953639 7.34740011773 301.800470118)
    (1280 8.6280962299 7.33574792549 301.824447973)
    (1285 8.62831687525 7.33031363327 301.846144829)
    (1290 8.63045575989 7.3329272031 301.864875868)
    (1295 8.63259464452 7.33554077294 301.883606908)
    (1300 8.63473352916 7.33815434277 301.902337947)
    (1305 8.63687241379 7.3407679126 301.921068987)
    (1310 8.63901129842 7.34338148244 301.939800026)
    (1315 8.64115018306 7.34599505227 301.958531066)
    (1320 8.64328906769 7.34860862211 301.977262105)
    (1325 8.64542795233 7.35122219194 301.995993145)
    (1330 8.64756683696 7.35383576178 302.014724184)
    (1335 8.64970572159 7.35644933161 302.033455224)
    (1340 8.65184460623 7.35906290145 302.052186263)
    (1345 8.65398349086 7.36167647128 302.070917303)
    (1350 8.6561223755 7.36429004112 302.089648342)
    (1355 8.65826126013 7.36690361095 302.108379382)
    (1360 8.66040014476 7.36951718079 302.127110421)
    (1365 8.6625390294 7.37213075062 302.14584146)
    (1370 8.66467791403 7.37474432046 302.1645725)
    (1375 8.66681679867 7.37735789029 302.183303539)
    (1380 8.6689556833 7.37997146013 302.202034579)
    (1385 8.67109456793 7.38258502996 302.220765618)
    (1390 8.67373846095 7.38607643307 302.238927165)
    (1395 8.67905020159 7.39445012888 302.253997571)
    (1400 8.68436194223 7.40282382468 302.269067977)
    (1405 8.68967368287 7.41119752049 302.284138382)
    (1410 8.69498542351 7.41957121629 302.299208788)
    (1415 8.70029716416 7.4279449121 302.314279193)
    (1420 8.7056089048 7.4363186079 302.329349599)
    (1425 8.71092064544 7.44469230371 302.344420004)
    (1430 8.71623238608 7.45306599951 302.35949041)
    (1435 8.72154412672 7.46143969532 302.374560815)
    (1440 8.72685586736 7.46981339112 302.389631221)
    (1445 8.732167608 7.47818708693 302.404701626)
    (1450 8.73747934864 7.48656078273 302.419772032)
    (1455 8.74279108928 7.49493447854 302.434842437)
    (1460 8.74810282992 7.50330817434 302.449912843)
    (1465 8.75341457057 7.51168187015 302.464983249)
    (1470 8.75872631121 7.52005556595 302.480053654)
    (1475 8.76403805185 7.52842926176 302.49512406)
    (1480 8.76934979249 7.53680295756 302.510194465)
    (1485 8.77466153313 7.54517665337 302.525264871)
    (1490 8.77997327377 7.55355034917 302.540335276)
    (1495 8.78528501441 7.56192404498 302.555405682)
    (1500 8.79059675505 7.57029774078 302.570476087)
    (1505 8.79590849569 7.57867143659 302.585546493)
    (1510 8.80232354456 7.58663882054 302.600613168)
    (1515 8.80883225878 7.59459669886 302.615676754)
    (1520 8.81534097301 7.60255457718 302.630740339)
    (1525 8.82184968724 7.6105124555 302.645803925)
    (1530 8.82835840146 7.61847033382 302.66086751)
    (1535 8.83486711569 7.62642821214 302.675931096)
    (1540 8.84137582992 7.63438609047 302.690994681)
    (1545 8.84788454415 7.64234396879 302.706058267)
    (1550 8.85439325837 7.65030184711 302.721121852)
    (1555 8.8609019726 7.65825972543 302.736185438)
    (1560 8.86741068683 7.66621760375 302.751249023)
    (1565 8.87391940105 7.67417548207 302.766312609)
    (1570 8.88042811528 7.68213336039 302.781376194)
    (1575 8.88693682951 7.69009123871 302.79643978)
    (1580 8.89344554374 7.69804911704 302.811503365)
    (1585 8.89995425796 7.70600699536 302.826566951)
    (1590 8.90646297219 7.71396487368 302.841630536)
    (1595 8.91297168642 7.721922752 302.856694122)
    (1600 8.91948040064 7.72988063032 302.871757707)
    (1605 8.92598911487 7.73783850864 302.886821293)
    (1610 8.9324978291 7.74579638696 302.901884878)
    (1615 8.93900654333 7.75375426529 302.916948464)
    (1620 8.94551525755 7.76171214361 302.932012049)
    (1625 8.95202397178 7.76967002193 302.947075635)
    (1630 8.95853268601 7.77762790025 302.96213922)
    (1635 8.96801806303 7.77973422375 302.978705872)
    (1640 8.98044812057 7.77607187469 302.996769847)
    (1645 8.99287817811 7.77240952564 303.014833822)
    (1650 9.00530823565 7.76874717658 303.032897797)
    (1655 9.01773829319 7.76508482753 303.050961772)
    (1660 9.03016835073 7.76142247848 303.069025747)
    (1665 9.04259840827 7.75776012942 303.087089722)
    (1670 9.05502846581 7.75409778037 303.105153697)
    (1675 9.06745852334 7.75043543131 303.123217672)
    (1680 9.07988858088 7.74677308226 303.141281647)
    (1685 9.09231863842 7.7431107332 303.159345622)
    (1690 9.10474869596 7.73944838415 303.177409597)
    (1695 9.1171787535 7.7357860351 303.195473572)
    (1700 9.12960881104 7.73212368604 303.213537547)
    (1705 9.14203886858 7.72846133699 303.231601523)
    (1710 9.15446892612 7.72479898793 303.249665498)
    (1715 9.16689898365 7.72113663888 303.267729473)
    (1720 9.17932904119 7.71747428983 303.285793448)
    (1725 9.19175909873 7.71381194077 303.303857423)
    (1730 9.20418915627 7.71014959172 303.321921398)
    (1735 9.21661921381 7.70648724266 303.339985373)
    (1740 9.22904927135 7.70282489361 303.358049348)
    (1745 9.24147932889 7.69916254456 303.376113323)
    (1750 9.25390938643 7.6955001955 303.394177298)
    (1755 9.26633944397 7.69183784645 303.412241273)
    (1760 9.2787695015 7.68817549739 303.430305248)
    (1765 9.29119955904 7.68451314834 303.448369223)
    (1770 9.30362961658 7.68085079928 303.466433198)
    (1775 9.32023379699 7.65709025184 303.485854103)
    (1780 9.33811637316 7.62748916205 303.505699519)
    (1785 9.35599894932 7.59788807225 303.525544935)
    (1790 9.37388152548 7.56828698246 303.545390351)
    (1795 9.39176410164 7.53868589266 303.565235767)
    (1800 9.40964667781 7.50908480287 303.585081183)
    (1805 9.42752925397 7.47948371308 303.604926598)
    (1810 9.44541183013 7.44988262328 303.624772014)
    (1815 9.46329440629 7.42028153349 303.64461743)
    (1820 9.48117698246 7.3906804437 303.664462846)
    (1825 9.49905955862 7.3610793539 303.684308262)
    (1830 9.51694213478 7.33147826411 303.704153678)
    (1835 9.53482471094 7.30187717432 303.723999094)
    (1840 9.55270728711 7.27227608452 303.74384451)
    (1845 9.57058986327 7.24267499473 303.763689926)
    (1850 9.58847243943 7.21307390494 303.783535342)
    (1855 9.60635501559 7.18347281514 303.803380758)
    (1860 9.62423759176 7.15387172535 303.823226174)
    (1865 9.64212016792 7.12427063556 303.84307159)
    (1870 9.66000274408 7.09466954576 303.862917006)
    (1875 9.67788532024 7.06506845597 303.882762421)
    (1880 9.69576789641 7.03546736618 303.902607837)
    (1885 9.71365047257 7.00586627638 303.922453253)
    (1890 9.73153304873 6.97626518659 303.942298669)
    (1895 9.74941562489 6.94666409679 303.962144085)
    (1900 9.76729820106 6.917063007 303.981989501)
    (1905 9.78518077722 6.88746191721 304.001834917)
    (1910 9.80306335338 6.85786082741 304.021680333)
    (1915 9.82094592954 6.82825973762 304.041525749)
    (1920 9.83882850571 6.79865864783 304.061371165)
    (1925 9.85473304818 6.77263030754 304.081983634)
    (1930 9.86885216405 6.74976016843 304.103253945)
    (1935 9.88297127992 6.72689002931 304.124524256)
    (1940 9.89709039579 6.7040198902 304.145794568)
    (1945 9.91120951166 6.68114975109 304.167064879)
    (1950 9.92532862753 6.65827961197 304.18833519)
    (1955 9.9394477434 6.63540947286 304.209605502)
    (1960 9.95356685927 6.61253933375 304.230875813)
    (1965 9.96768597514 6.58966919464 304.252146124)
    (1970 9.98180509101 6.56679905552 304.273416436)
    (1975 9.99592420688 6.54392891641 304.294686747)
    (1980 10.0100433228 6.5210587773 304.315957058)
    (1985 10.0241624386 6.49818863818 304.33722737)
    (1990 10.0382815545 6.47531849907 304.358497681)
    (1995 10.0524006704 6.45244835996 304.379767992)
    (2000 10.0665197862 6.42957822085 304.401038304)
