    (43200 288.845205)
    (43800 288.862587)
    (44400 288.619932)
    (45000 288.743980)
    (45600 289.049591)
    (46200 289.300648)
    (46800 288.749238)
    (47400 289.051852)
    (48000 289.683182)
    (48600 289.792120)
    (49200 290.055506)
    (49800 290.311675)
    (50400 290.654542)
    (51000 290.840623)
    (51600 290.511500)
    (52200 289.383413)
    (52800 288.953885)
    (53400 289.760537)
    (54000 290.191103)
    (54600 290.437197)
    (55200 290.904279)
    (55800 291.591278)
    (56400 291.812151)
    (57000 291.925479)
    (57600 292.536417)
    (58200 293.390964)
    (58800 293.807802)
    (59400 294.027763)
    (60000 294.089005)
    (60600 294.142257)
    (61200 294.176776)
    (61800 294.428768)
    (62400 294.716010)
    (63000 295.130016)
    (63600 295.529513)
    (64200 295.721016)
    (64800 295.690774)
    (65400 295.867626)
    (66000 295.838389)
    (66600 295.876211)
    (67200 296.144295)
    (67800 296.492671)
    (68400 296.779073)
    (69000 296.989062)
    (69600 297.119342)
    (70200 297.147822)
    (70800 297.508831)
    (71400 297.739029)
    (72000 297.855157)
    (72600 297.889520)
    (73200 297.739676)
    (73800 298.106202)
    (74400 298.354581)
    (75000 298.208799)
    (75600 298.403001)
    (76200 298.182278)
    (76800 298.119028)
    (77400 298.170586)
    (78000 298.169233)
    (78600 298.062662)
    (79200 297.770993)
    (79800 297.509664)
    (80400 297.414607)
    (81000 297.158904)
    (81600 297.014302)
    (82200 296.941761)
    (82800 296.820732)
    (83400 296.571970)
    (84000 296.109727)
    (84600 295.656103)
    (85200 295.302016)
    (85800 294.864780)
    (86400 294.596394)
    (87000 294.329368)
    (87600 294.106871)
    (88200 293.935869)
    (88800 293.742714)
    (89400 293.577056)
    (90000 293.427949)
    (90600 293.149639)
    (91200 292.916720)
    (91800 292.717182)
    (92400 292.542262)
    (93000 292.406648)
    (93600 292.256508)
    (94200 292.059682)
    (94800 291.889853)
    (95400 291.737707)
    (96000 291.527639)
    (96600 291.342665)
    (97200 291.180119)
    (97800 291.023544)
    (98400 290.868391)
    (99000 290.767801)
    (99600 290.580736)
    (100200 290.409676)
    (100800 290.214083)
    (101400 290.058365)
    (102000 289.903016)
    (102600 289.766108)
    (103200 289.631828)
    (103800 289.541448)
    (104400 289.440058)
    (105000 289.363208)
    (105600 289.287158)
    (106200 289.206622)
    (106800 289.158295)
    (107400 289.073716)
    (108000 288.992205)
    (108600 289.020716)
    (109200 289.022367)
    (109800 289.012157)
    (110400 289.084939)
    (111000 289.168781)
    (111600 289.182243)
    (112200 289.133022)
    (112800 289.133965)
    (113400 289.149429)
    (114000 289.278544)
    (114600 289.443513)
    (115200 289.581613)
    (115800 289.636216)
    (116400 289.662945)
    (117000 289.671247)
    (117600 289.701137)
    (118200 289.789469)
    (118800 289.818796)
    (119400 289.886913)
    (120000 289.910062)
    (120600 289.851478)
    (121200 289.695358)
    (121800 289.727646)
    (122400 289.727190)
    (123000 289.595418)
    (123600 289.463187)
    (124200 289.370007)
    (124800 289.255639)
    (125400 289.237560)
    (126000 289.298848)
    (126600 289.293410)
    (127200 289.313391)
    (127800 289.308601)
    (128400 289.197927)
    (129000 289.251535)
    (129600 289.330968)
