// Coordinate file for FINO1 case. Tower located at (1,-1) km.
( 1000.001  -999.999  5.001 )
( 1000.001  -999.999  15.001 )
( 1000.001  -999.999  25.001 )
( 1000.001  -999.999  35.001 )
( 1000.001  -999.999  45.001 )
( 1000.001  -999.999  55.001 )
( 1000.001  -999.999  65.001 )
( 1000.001  -999.999  75.001 )
( 1000.001  -999.999  85.001 )
( 1000.001  -999.999  95.001 )
( 1000.001  -999.999  105.001 )
( 1000.001  -999.999  115.001 )
( 1000.001  -999.999  125.001 )
( 1000.001  -999.999  135.001 )
( 1000.001  -999.999  145.001 )
( 1000.001  -999.999  155.001 )
( 1000.001  -999.999  165.001 )
( 1000.001  -999.999  175.001 )
( 1000.001  -999.999  185.001 )
( 1000.001  -999.999  195.001 )
( 1000.001  -999.999  205.001 )
( 1000.001  -999.999  215.001 )
( 1000.001  -999.999  225.001 )
( 1000.001  -999.999  235.001 )
( 1000.001  -999.999  245.001 )
( 1000.001  -999.999  255.001 )
( 1000.001  -999.999  265.001 )
( 1000.001  -999.999  275.001 )
( 1000.001  -999.999  285.001 )
( 1000.001  -999.999  295.001 )
( 1000.001  -999.999  305.001 )
( 1000.001  -999.999  315.001 )
( 1000.001  -999.999  325.001 )
( 1000.001  -999.999  335.001 )
( 1000.001  -999.999  345.001 )
( 1000.001  -999.999  355.001 )
( 1000.001  -999.999  365.001 )
( 1000.001  -999.999  375.001 )
( 1000.001  -999.999  385.001 )
( 1000.001  -999.999  395.001 )
( 1000.001  -999.999  405.001 )
( 1000.001  -999.999  415.001 )
( 1000.001  -999.999  425.001 )
( 1000.001  -999.999  435.001 )
( 1000.001  -999.999  445.001 )
( 1000.001  -999.999  455.001 )
( 1000.001  -999.999  465.001 )
( 1000.001  -999.999  475.001 )
( 1000.001  -999.999  485.001 )
( 1000.001  -999.999  495.001 )
( 1000.001  -999.999  505.001 )
( 1000.001  -999.999  515.001 )
( 1000.001  -999.999  525.001 )
( 1000.001  -999.999  535.001 )
( 1000.001  -999.999  545.001 )
( 1000.001  -999.999  555.001 )
( 1000.001  -999.999  565.001 )
( 1000.001  -999.999  575.001 )
( 1000.001  -999.999  585.001 )
( 1000.001  -999.999  595.001 )
( 1000.001  -999.999  605.001 )
( 1000.001  -999.999  615.001 )
( 1000.001  -999.999  625.001 )
( 1000.001  -999.999  635.001 )
( 1000.001  -999.999  645.001 )
( 1000.001  -999.999  655.001 )
( 1000.001  -999.999  665.001 )
( 1000.001  -999.999  675.001 )
( 1000.001  -999.999  685.001 )
( 1000.001  -999.999  695.001 )
( 1000.001  -999.999  705.001 )
( 1000.001  -999.999  715.001 )
( 1000.001  -999.999  725.001 )
( 1000.001  -999.999  735.001 )
( 1000.001  -999.999  745.001 )
( 1000.001  -999.999  755.001 )
( 1000.001  -999.999  765.001 )
( 1000.001  -999.999  775.001 )
( 1000.001  -999.999  785.001 )
( 1000.001  -999.999  795.001 )
( 1000.001  -999.999  805.001 )
( 1000.001  -999.999  815.001 )
( 1000.001  -999.999  825.001 )
( 1000.001  -999.999  835.001 )
( 1000.001  -999.999  845.001 )
( 1000.001  -999.999  855.001 )
( 1000.001  -999.999  865.001 )
( 1000.001  -999.999  875.001 )
( 1000.001  -999.999  885.001 )
( 1000.001  -999.999  895.001 )
( 1000.001  -999.999  905.001 )
( 1000.001  -999.999  915.001 )
( 1000.001  -999.999  925.001 )
( 1000.001  -999.999  935.001 )
( 1000.001  -999.999  945.001 )
( 1000.001  -999.999  955.001 )
( 1000.001  -999.999  965.001 )
( 1000.001  -999.999  975.001 )
( 1000.001  -999.999  985.001 )
( 1000.001  -999.999  995.001 )
( 1000.001  -999.999  1005.001 )
( 1000.001  -999.999  1015.001 )
( 1000.001  -999.999  1025.001 )
( 1000.001  -999.999  1035.001 )
( 1000.001  -999.999  1045.001 )
( 1000.001  -999.999  1055.001 )
( 1000.001  -999.999  1065.001 )
( 1000.001  -999.999  1075.001 )
( 1000.001  -999.999  1085.001 )
( 1000.001  -999.999  1095.001 )
( 1000.001  -999.999  1105.001 )
( 1000.001  -999.999  1115.001 )
( 1000.001  -999.999  1125.001 )
( 1000.001  -999.999  1135.001 )
( 1000.001  -999.999  1145.001 )
( 1000.001  -999.999  1155.001 )
( 1000.001  -999.999  1165.001 )
( 1000.001  -999.999  1175.001 )
( 1000.001  -999.999  1185.001 )
( 1000.001  -999.999  1195.001 )
( 1000.001  -999.999  1205.001 )
( 1000.001  -999.999  1215.001 )
( 1000.001  -999.999  1225.001 )
( 1000.001  -999.999  1235.001 )
( 1000.001  -999.999  1245.001 )
( 1000.001  -999.999  1255.001 )
( 1000.001  -999.999  1265.001 )
( 1000.001  -999.999  1275.001 )
( 1000.001  -999.999  1285.001 )
( 1000.001  -999.999  1295.001 )
( 1000.001  -999.999  1305.001 )
( 1000.001  -999.999  1315.001 )
( 1000.001  -999.999  1325.001 )
( 1000.001  -999.999  1335.001 )
( 1000.001  -999.999  1345.001 )
( 1000.001  -999.999  1355.001 )
( 1000.001  -999.999  1365.001 )
( 1000.001  -999.999  1375.001 )
( 1000.001  -999.999  1385.001 )
( 1000.001  -999.999  1395.001 )
( 1000.001  -999.999  1405.001 )
( 1000.001  -999.999  1415.001 )
( 1000.001  -999.999  1425.001 )
( 1000.001  -999.999  1435.001 )
( 1000.001  -999.999  1445.001 )
( 1000.001  -999.999  1455.001 )
( 1000.001  -999.999  1465.001 )
( 1000.001  -999.999  1475.001 )
( 1000.001  -999.999  1485.001 )
( 1000.001  -999.999  1495.001 )
( 1000.001  -999.999  1505.001 )
( 1000.001  -999.999  1515.001 )
( 1000.001  -999.999  1525.001 )
( 1000.001  -999.999  1535.001 )
( 1000.001  -999.999  1545.001 )
( 1000.001  -999.999  1555.001 )
( 1000.001  -999.999  1565.001 )
( 1000.001  -999.999  1575.001 )
( 1000.001  -999.999  1585.001 )
( 1000.001  -999.999  1595.001 )
( 1000.001  -999.999  1605.001 )
( 1000.001  -999.999  1615.001 )
( 1000.001  -999.999  1625.001 )
( 1000.001  -999.999  1635.001 )
( 1000.001  -999.999  1645.001 )
( 1000.001  -999.999  1655.001 )
( 1000.001  -999.999  1665.001 )
( 1000.001  -999.999  1675.001 )
( 1000.001  -999.999  1685.001 )
( 1000.001  -999.999  1695.001 )
( 1000.001  -999.999  1705.001 )
( 1000.001  -999.999  1715.001 )
( 1000.001  -999.999  1725.001 )
( 1000.001  -999.999  1735.001 )
( 1000.001  -999.999  1745.001 )
( 1000.001  -999.999  1755.001 )
( 1000.001  -999.999  1765.001 )
( 1000.001  -999.999  1775.001 )
( 1000.001  -999.999  1785.001 )
( 1000.001  -999.999  1795.001 )
( 1000.001  -999.999  1805.001 )
( 1000.001  -999.999  1815.001 )
( 1000.001  -999.999  1825.001 )
( 1000.001  -999.999  1835.001 )
( 1000.001  -999.999  1845.001 )
( 1000.001  -999.999  1855.001 )
( 1000.001  -999.999  1865.001 )
( 1000.001  -999.999  1875.001 )
( 1000.001  -999.999  1885.001 )
( 1000.001  -999.999  1895.001 )
( 1000.001  -999.999  1905.001 )
( 1000.001  -999.999  1915.001 )
( 1000.001  -999.999  1925.001 )
( 1000.001  -999.999  1935.001 )
( 1000.001  -999.999  1945.001 )
( 1000.001  -999.999  1955.001 )
( 1000.001  -999.999  1965.001 )
( 1000.001  -999.999  1975.001 )
( 1000.001  -999.999  1985.001 )
( 1000.001  -999.999  1995.001 )
