    (10 0.771481350325 0.952506880546 287.677777778)
    (30 3.38250150035 2.02950966855 288.233333333)
    (50 5.41357783052 4.61387230278 288.788888889)
    (70 5.41357783052 4.61387230278 289.3657277)
    (90 5.87863490471 9.45854842675 289.947887324)
    (110 6.0750040297 11.4416543967 290.530046948)
    (130 6.08639452254 11.379090094 291.112206573)
    (150 7.82870064859 11.6065260158 291.694366197)
    (170 7.11665938504 13.5446054394 292.276525822)
    (190 7.87243419898 13.6447935751 292.858685446)
    (210 7.85786135101 13.5796726435 293.44084507)
    (230 6.6389520053 13.1714394153 294.023004695)
    (250 7.54631422817 13.8163197918 294.605164319)
    (270 7.82686268125 14.0837806295 295.143421053)
    (290 8.81115394575 14.902557579 295.432894737)
    (310 8.98639662994 15.1716551521 295.722368421)
    (330 10.0137212329 16.0946722082 296.011842105)
    (350 10.2195440972 16.5684045568 296.387804878)
    (370 10.5959437979 17.4615749585 296.924390244)
    (390 10.7243426057 17.809165531 297.46097561)
    (410 10.7125664533 17.816251604 297.997560976)
    (430 10.6656464889 17.708973037 298.542857143)
    (450 10.5886217501 17.5677190563 299.022222222)
    (470 10.502582099 17.4084891882 299.426262626)
    (490 10.4432634734 17.3047236436 299.83030303)
    (510 10.3736384591 17.1929375768 300.234343434)
    (530 10.3286284029 17.1251808073 300.638383838)
    (550 10.2508712989 17.0083890688 300.887272727)
    (570 10.183664538 16.9198365546 301.032727273)
    (590 10.1370526501 16.860019271 301.178181818)
    (610 10.0768319004 16.770664579 301.323636364)
    (630 10.0352391021 16.6028303661 301.469090909)
    (650 10.0132774678 16.3528254242 301.604878049)
    (670 9.98292098683 16.0751639497 301.653658537)
    (690 9.96267062757 15.8734642571 301.702439024)
    (710 9.94072847648 15.6723250582 301.751219512)
    (730 9.91023099945 15.3979488189 301.8)
    (750 9.88651138646 15.2148071704 301.824691358)
    (770 9.86365402834 15.0245485193 301.849382716)
    (790 9.83681885465 14.8305480912 301.874074074)
    (810 9.79361430819 14.4071352754 301.898765432)
    (830 9.72951445166 13.7571453629 301.940860215)
    (850 9.68428678144 13.252559677 301.983870968)
    (870 9.55867217583 12.2169525756 302.02688172)
    (890 9.39638605064 11.3865753494 302.069892473)
    (910 9.17985297899 10.5400042637 302.183333333)
    (930 9.03982459384 10.0678161375 302.461111111)
    (950 8.79336910432 9.32721884366 302.738888889)
    (970 8.62442053985 9.0170603082 303.016666667)
    (990 8.33582270387 8.39422181323 303.194915254)
    (1010 8.05660576379 7.78017374914 303.330508475)
    (1030 8.23157314752 7.57226615388 303.466101695)
    (1050 8.38626817232 7.34377759831 303.616504854)
    (1070 8.5559338056 7.1558744128 303.77184466)
    (1090 8.6906787223 6.90310760098 303.927184466)
    (1110 8.82582593512 6.64470110788 304.082524272)
    (1130 8.90954867492 6.42051759519 304.237864078)
    (1150 8.96733067298 6.36359421207 304.393203883)
    (1170 9.09828956092 6.1121505805 304.548543689)
    (1190 9.29838474987 5.83537882075 304.703883495)
    (1210 9.30309408948 5.83440587591 304.859223301)
    (1230 9.26251684336 5.98385540669 305.014563107)
    (1250 9.17706133335 6.2169320013 305.12755102)
    (1270 9.24542493793 6.10492028981 305.18877551)
    (1290 9.29050910126 6.07775753426 305.25)
    (1310 9.31680639404 6.07265851878 305.31122449)
    (1330 9.43100541816 5.80985039865 305.37244898)
    (1350 9.69820246403 5.17638053607 305.432459016)
    (1370 9.85830116653 4.6436354584 305.49147541)
    (1390 10.0135856293 4.04575120889 305.550491803)
    (1410 9.51623176388 4.43749174828 305.609508197)
    (1430 9.52486249998 4.45839344768 305.66852459)
    (1450 9.52916260995 4.46885723123 305.727540984)
    (1470 9.64929865443 4.58526406968 305.786557377)
    (1490 10.2443429774 4.88630094877 305.84557377)
    (1510 10.5698145663 4.92878547755 305.904590164)
    (1530 10.6038011083 4.94463366237 305.963606557)
    (1550 10.5698145663 4.92878547755 306.022622951)
    (1570 10.5784206473 4.38172530058 306.081639344)
    (1590 10.8711909459 4.8401660526 306.140655738)
    (1610 10.8568272918 4.74887367227 306.199672131)
    (1630 10.7170025771 4.43912781544 306.258688525)
    (1650 10.5860560486 4.11669205151 306.315737705)
    (1670 10.6042100696 4.15040781737 306.368196721)
    (1690 10.8277835293 4.13833782504 306.420655738)
    (1710 11.3337334899 4.23750931324 306.473114754)
    (1730 11.4108720093 4.35168429892 306.52557377)
    (1750 11.3896812033 4.37208898445 306.578032787)
    (1770 11.032255589 3.58459713475 306.630491803)
    (1790 11.0746217992 3.54091686449 306.68295082)
    (1810 11.0856182853 3.52949872327 306.735409836)
    (1830 11.1791175827 3.53107235003 306.787868852)
    (1850 11.2222690733 3.50810940993 306.840327869)
    (1870 11.2823474549 3.51462838833 306.892786885)
    (1890 11.3194365656 3.51139424282 306.945245902)
    (1910 11.3629243724 3.53467816187 306.997704918)
    (1930 11.4607495102 3.55082620098 307.050163934)
    (1950 11.4836211963 3.58690012473 307.106666667)
    (1970 11.6028894988 3.77000733137 307.22962963)
    (1990 11.6034889823 3.68641674783 307.328395062)
