// Coordinate file for FINO1 case. Lists the base of the 25 towers.
( -2999.999  -999.999  0.001 )
( -2999.999  0.001  0.001 )
( -2999.999  1000.001  0.001 )
( -2999.999  2000.001  0.001 )
( -2999.999  3000.001  0.001 )
( -1999.999  -999.999  0.001 )
( -1999.999  0.001  0.001 )
( -1999.999  1000.001  0.001 )
( -1999.999  2000.001  0.001 )
( -1999.999  3000.001  0.001 )
( -999.999  -999.999  0.001 )
( -999.999  0.001  0.001 )
( -999.999  1000.001  0.001 )
( -999.999  2000.001  0.001 )
( -999.999  3000.001  0.001 )
( 0.001  -999.999  0.001 )
( 0.001  0.001  0.001 )
( 0.001  1000.001  0.001 )
( 0.001  2000.001  0.001 )
( 0.001  3000.001  0.001 )
( 1000.001  -999.999  0.001 )
( 1000.001  0.001  0.001 )
( 1000.001  1000.001  0.001 )
( 1000.001  2000.001  0.001 )
( 1000.001  3000.001  0.001 )
