    (43200 281.496346045)
    (43800 281.563797737)
    (44400 281.632180803)
    (45000 281.706077615)
    (45600 281.796883844)
    (46200 281.878392947)
    (46800 281.964678697)
    (47400 282.059439642)
    (48000 282.131561967)
    (48600 282.584514263)
    (49200 283.520119153)
    (49800 284.427632886)
    (50400 285.380883153)
    (51000 286.517768746)
    (51600 287.464643692)
    (52200 288.314716434)
    (52800 289.234879854)
    (53400 289.977069256)
    (54000 290.641904454)
    (54600 291.3854866)
    (55200 292.031778724)
    (55800 292.62921676)
    (56400 293.282953233)
    (57000 293.849358981)
    (57600 294.400484376)
    (58200 294.893403323)
    (58800 295.383959023)
    (59400 295.874877883)
    (60000 296.460008349)
    (60600 296.947747527)
    (61200 297.418823896)
    (61800 297.916990801)
    (62400 298.337166534)
    (63000 298.73792851)
    (63600 299.173119757)
    (64200 299.559805526)
    (64800 299.933525529)
    (65400 300.293145846)
    (66000 300.635954118)
    (66600 300.935553039)
    (67200 301.225067241)
    (67800 301.487431885)
    (68400 301.719446092)
    (69000 301.889863196)
    (69600 302.059265348)
    (70200 302.191681004)
    (70800 302.257323618)
    (71400 302.320410474)
    (72000 302.372281707)
    (72600 302.344770555)
    (73200 302.330399837)
    (73800 302.582399796)
    (74400 302.481127264)
    (75000 302.350790954)
    (75600 302.232523273)
    (76200 302.003597731)
    (76800 301.817627445)
    (77400 301.603571339)
    (78000 301.255818057)
    (78600 300.974821389)
    (79200 300.679948129)
    (79800 300.255472547)
    (80400 299.906069146)
    (81000 299.531344432)
    (81600 298.997874126)
    (82200 298.548771244)
    (82800 297.955581054)
    (83400 297.095798374)
    (84000 296.288542617)
    (84600 295.396556923)
    (85200 294.340645197)
    (85800 293.799935961)
    (86400 293.524094554)
    (87000 293.325635068)
    (87600 293.151023606)
    (88200 292.989685944)
    (88800 292.829780029)
    (89400 292.68980095)
    (90000 292.560684049)
    (90600 292.444370384)
    (91200 292.331439184)
    (91800 292.196125049)
    (92400 292.035244401)
    (93000 291.873173699)
    (93600 291.725855889)
    (94200 291.58133369)
    (94800 291.448952866)
    (95400 291.316812856)
    (96000 291.197908364)
    (96600 291.102751191)
    (97200 291.015234413)
    (97800 290.927976113)
    (98400 290.867310653)
    (99000 290.83579794)
    (99600 290.814932247)
    (100200 290.789487856)
    (100800 290.744400966)
    (101400 290.673334914)
    (102000 290.584466295)
    (102600 290.483912073)
    (103200 290.37493076)
    (103800 290.258106291)
    (104400 290.138184946)
    (105000 290.015122761)
    (105600 289.895325449)
    (106200 289.777021766)
    (106800 289.659882317)
    (107400 289.548042869)
    (108000 289.447675727)
    (108600 289.36919541)
    (109200 289.301857872)
    (109800 289.232217891)
    (110400 289.15453994)
    (111000 289.073858781)
    (111600 288.994458191)
    (112200 288.907247011)
    (112800 288.824204643)
    (113400 288.739571262)
    (114000 288.658997353)
    (114600 288.576367)
    (115200 288.495922117)
    (115800 288.41480576)
    (116400 288.340784618)
    (117000 288.270348622)
    (117600 288.195430004)
    (118200 288.123137311)
    (118800 288.057789663)
    (119400 287.992971305)
    (120000 287.934554419)
    (120600 287.879080201)
    (121200 287.81525936)
    (121800 287.748289025)
    (122400 287.67632279)
    (123000 287.597700966)
    (123600 287.516354323)
    (124200 287.432328919)
    (124800 287.336579232)
    (125400 287.230370655)
    (126000 287.111704289)
    (126600 286.978337864)
    (127200 286.835771517)
    (127800 286.6816182)
    (128400 286.505460616)
    (129000 286.320530348)
    (129600 286.136660133)
